[SYNAPSES]
synapse_0 = 3.075000000000003
synapse_1 = -1.3499999999999943
synapse_2 = 0.0
synapse_3 = 10.200000000000017
synapse_4 = -1
synapse_5 = 1
synapse_6 = 1.2000000000000028

[THRESHOLDS]
threshold_0 = -3.1499999999999915
threshold_1 = -2.3999999999999915
threshold_2 = -3.5249999999999915
threshold_3 = -3.8999999999999915
threshold_4 = -0.375

[JUNCTIONS]
junction_0 = 0.0
junction_1 = 0.0