[SYNAPSES]
synapse_0 = 7.425000000000011
synapse_1 = -7.424999999999997
synapse_2 = 9.0
synapse_3 = 1.3500000000000085
synapse_4 = 1.5
synapse_5 = 0.6770833333333428
synapse_6 = 1.2000000000000028

[THRESHOLDS]
threshold_0 = -1.1999999999999886
threshold_1 = -1.3499999999999943
threshold_2 = -2.4749999999999943
threshold_3 = -3.8999999999999915
threshold_4 = -0.375

[JUNCTIONS]
junction_0 = 0.09722222222222232
junction_1 = 0.09722222222222232

